102358
1036973
1062947
1149361
1168579
1210997
1218197
1220409
1227603
1252634
1269750
1282988
130758
1327865
146669
149590
1512440
1522867
1527747
1562822
1605651
163843
1643084
1655842
1668284
1694008
1733045
174982
1814991
1820814
1831722
1835841
1861060
1873107
192950
1966436
2017370
2029969
203312
2077456
2088628
2103350
2134431
2139685
2186224
2205218
2215636
2233387
223816
2245662
2260494
226074
2264397
2275384
2287781
2300660
2309096
2328926
2361809
2363686
2372248
2378080
2395170
239880
2400553
2403846
2413451
2420477
2434508
2440476
2453866
2464461
248816
2510769
2542007
2589581
2623032
2629691
2634895
2635167
2638360
2658434
2661886
272103
2750405
2782113
2802361
285570
286963
289688
290557
2921044
294640
2960313
2963597
298795
3017382
3057568
3077311
3144096
3175395
3190538
3194884
3202326
3277605
3351879
3355338
3378535
337996
338010
3382998
3425505
3437598
3439705
3469034
3474414
3489940
3508796
3562981
3572887
3573591
357994
3582678
3585968
3595528
3608932
3617476
3624060
3625428
3658394
366755
3686110
3703430
3723988
3865483
3895114
390903
3923057
3932488
3996063
433561
453733
4566966
458258
49518
51537
587116
597427
617790
6251999
6252001
6254930
6269131
6290252
630336
660013
690791
69543
718075
719819
732800
783754
7909807
798544
798549
878675
895949
927384
932692
933860
934841
953987
99237
1880251
1819729
1821275
